0000000000000000000000000000000000000000000000000000000000000000000000000000000000000000000000000000
0000000000000000000000000000000000000000000000000000000000000000000000000000000000000000000000000000
0000000000000000000000000000000000000000000000000000000000000000000000000000000000000000000000000000
0000000000000000000000000000000000000000000000000000000000000000000000000000000000000000000000000000
0000000000000000000000000000000000000000000000000000000000000000000000000000000000000000000000000000
0000000000000000000000000000000000000000000000000000000000000000000000000000000000000000000000000000
0000000000000000000000000000000000000000000000000000000000000000000000000000000000000000000000000000
0000000000000000000000000000000000000000000000000000000000000000000000000000000000000000000000000000
0000000000000000000000000000000000000000000000000000000000000000000000000000000000000000000000000000
0000000000000000000000000000000000000000000000000000000000000000000000000000000000000000000000000000
0000000000000000000000000000000000000000000000000000000000000000000000000000000000000000000000000000
0000000000000000000000000000000000000000000000000000000000000000000000000000000000000000000000000000
0000000000000000000000000000000000000000000000000000000000000000000000000000000000000000000000000000
0000000000000000000000000000000000000000000000000000000000000000000000000000000000000000000000000000
0000000000000000000000000000000000000000000000000000000000000000000000000000000000000000000000000000
0000000000000000000000000000000000000000000000000000000000000000000000000000000000000000000000000000
0000000000000000000000000000000000000000000000000000000000000000000000000000000000000000000000000000
0000000000000000000000000000000000000000000000000000000000000000000000000000000000000000000000000000
0000000000000000000000000000000000000000000000000000000000000000000000000000000000000000000000000000
0000000000000000000000000000000000000000000000000000000000000000000000000000000000000000000000000000
0000000000000000000034131123113212111144212114141431152131343231131123141242521300000000000000000000
0000000000000000000011211233132134111134324423442212142311342311341221344421313500000000000000000000
0000000000000000000042341114325442353423421231314123441431424113121312231311533100000000000000000000
0000000000000000000011143221114454241133214343411323434113123423442144412243433100000000000000000000
0000000000000000000014112143133143144141412211111113331412413123231111214421313100000000000000000000
0000000000000000000033241433323131422311431144121322315334223112214413421424341100000000000000000000
0000000000000000000013244431214124124423154141222221322121332334321313412211323400000000000000000000
0000000000000000000021441111311341113424434411113344313313211431413114231523113300000000000000000000
0000000000000000000011441214411425111434331132131312322333441315112233241411131100000000000000000000
0000000000000000000032114121112123243121441333112131343414411113321443221131145400000000000000000000
0000000000000000000011123123411432132321212141323312124321421543331122312213212500000000000000000000
0000000000000000000021212333321111352123111223124344413243114111124423412153441100000000000000000000
0000000000000000000014241111413522343331311332133314311134313233443343411223213100000000000000000000
0000000000000000000011333421121311323112334114123343121211241441231331413313343200000000000000000000
0000000000000000000042112415332211113144212221341111423432131311322111312123143100000000000000000000
0000000000000000000042133344313113121423212243242331111343131213141341241414533100000000000000000000
0000000000000000000043141131311422414121132311112341412131142212312432411133311100000000000000000000
0000000000000000000023432514433113141131132431333314431434214423223131111441223100000000000000000000
0000000000000000000033321231141131213233323442211213111333321131241411313131124100000000000000000000
0000000000000000000014521233131113332341211441111421123213133441312331133112223100000000000000000000
0000000000000000000011434433332133313123234421214212144144212314333431244112443400000000000000000000
0000000000000000000023144242341452233123131331313112243144531311322223143131331400000000000000000000
0000000000000000000013231243311121322221341211421343311434134132111131224134344100000000000000000000
0000000000000000000031244232133232333214243342334123122121421341131422222232322300000000000000000000
0000000000000000000011343211452332211341234441112342432431123211313433331432321100000000000000000000
0000000000000000000022412111344114211431121215231233311231434224123133412241431400000000000000000000
0000000000000000000013321131442134424115121131141114422324144133112422324341214400000000000000000000
0000000000000000000015321344133132114421334342131221413241312313132452424414133100000000000000000000
0000000000000000000041413111112421131141411453421411411431414114312314342141412100000000000000000000
0000000000000000000011122111114231121333513331443111131141112114123231331112243100000000000000000000
0000000000000000000031321223211214212344134313314344321134412345123244331332413100000000000000000000
0000000000000000000013112424342414242441343421132314132424134111311154141342232300000000000000000000
0000000000000000000023333414121431423314344144111443112431421434511132312414111100000000000000000000
0000000000000000000044133121234113323134131431224211413413414132434112121223211200000000000000000000
0000000000000000000043134314121241141211222111341312343131224114133341141322423400000000000000000000
0000000000000000000021323443211142312411231112214111343414211441331312344114311100000000000000000000
0000000000000000000051132143323132134143311241421321325113451114232113413433231200000000000000000000
0000000000000000000024141241335111124433431323412211112241343154121211413123424300000000000000000000
0000000000000000000032311211311212132243112442112131113434241343114231111343312200000000000000000000
0000000000000000000034311222231231212423213131244114432325413142111321422323121300000000000000000000
0000000000000000000032214312521323341432133411143141223412322221431232411111434300000000000000000000
0000000000000000000041141231132134322441413114321432344143223211143332113324132500000000000000000000
0000000000000000000033254432123433333213321334311333512133112111413223321313421400000000000000000000
0000000000000000000043143441311114125114213313241212334343131441412144323221134100000000000000000000
0000000000000000000033311234434414434342334423223311433421115112124413241111221400000000000000000000
0000000000000000000034234322332534111411335314114142334323134252443432443241132100000000000000000000
0000000000000000000041141411221311133212345331244413213111131234313341411321113100000000000000000000
0000000000000000000024314241132344133121443114155121133412322131131314311443232400000000000000000000
0000000000000000000013533324331111341433311442211111224114143133322241122111131300000000000000000000
0000000000000000000021113431232113111214311533413222231113311111341141411111243500000000000000000000
0000000000000000000013433341134342133333133412332423212241141113441111131421414100000000000000000000
0000000000000000000041121412413213131333422314211131111153411231411122112211112300000000000000000000
0000000000000000000031441131313413113112322313323131241333131113331314131432213100000000000000000000
0000000000000000000024311433313324312214133413212312114345312323153111412214122400000000000000000000
0000000000000000000023441321531215133243311321124142311324243121312313121132213400000000000000000000
0000000000000000000033212211411411133124341144121425134215224413331121433214324100000000000000000000
0000000000000000000044333121112131212243331434314431231111242332121411213131133100000000000000000000
0000000000000000000011313121411135324122212133131441433213133113413114123343342300000000000000000000
0000000000000000000011332414114111131423131111442243443111313131123441111111231200000000000000000000
0000000000000000000033344122341144442323122414313113441112331121342133211133113400000000000000000000
0000000000000000000000000000000000000000000000000000000000000000000000000000000000000000000000000000
0000000000000000000000000000000000000000000000000000000000000000000000000000000000000000000000000000
0000000000000000000000000000000000000000000000000000000000000000000000000000000000000000000000000000
0000000000000000000000000000000000000000000000000000000000000000000000000000000000000000000000000000
0000000000000000000000000000000000000000000000000000000000000000000000000000000000000000000000000000
0000000000000000000000000000000000000000000000000000000000000000000000000000000000000000000000000000
0000000000000000000000000000000000000000000000000000000000000000000000000000000000000000000000000000
0000000000000000000000000000000000000000000000000000000000000000000000000000000000000000000000000000
0000000000000000000000000000000000000000000000000000000000000000000000000000000000000000000000000000
0000000000000000000000000000000000000000000000000000000000000000000000000000000000000000000000000000
0000000000000000000000000000000000000000000000000000000000000000000000000000000000000000000000000000
0000000000000000000000000000000000000000000000000000000000000000000000000000000000000000000000000000
0000000000000000000000000000000000000000000000000000000000000000000000000000000000000000000000000000
0000000000000000000000000000000000000000000000000000000000000000000000000000000000000000000000000000
0000000000000000000000000000000000000000000000000000000000000000000000000000000000000000000000000000
0000000000000000000000000000000000000000000000000000000000000000000000000000000000000000000000000000
0000000000000000000000000000000000000000000000000000000000000000000000000000000000000000000000000000
0000000000000000000000000000000000000000000000000000000000000000000000000000000000000000000000000000
0000000000000000000000000000000000000000000000000000000000000000000000000000000000000000000000000000
0000000000000000000000000000000000000000000000000000000000000000000000000000000000000000000000000000
