0000000000000000000000000000000000000000000000000000000000000000000000000000000000000000000000000000
0000000000000000000000000000000000000000000000000000000000000000000000000000000000000000000000000000
0000000000000000000000000000000000000000000000000000000000000000000000000000000000000000000000000000
0000000000000000000000000000000000000000000000000000000000000000000000000000000000000000000000000000
0000000000000000000000000000000000000000000000000000000000000000000000000000000000000000000000000000
0000000000000000000000000000000000000000000000000000000000000000000000000000000000000000000000000000
0000000000000000000000000000000000000000000000000000000000000000000000000000000000000000000000000000
0000000000000000000000000000000000000000000000000000000000000000000000000000000000000000000000000000
0000000000000000000000000000000000000000000000000000000000000000000000000000000000000000000000000000
0000000000000000000000000000000000000000000000000000000000000000000000000000000000000000000000000000
0000000000000000000000000000000000000000000000000000000000000000000000000000000000000000000000000000
0000000000000000000000000000000000000000000000000000000000000000000000000000000000000000000000000000
0000000000000000000000000000000000000000000000000000000000000000000000000000000000000000000000000000
0000000000000000000000000000000000000000000000000000000000000000000000000000000000000000000000000000
0000000000000000000000000000000000000000000000000000000000000000000000000000000000000000000000000000
0000000000000000000000000000000000000000000000000000000000000000000000000000000000000000000000000000
0000000000000000000000000000000000000000000000000000000000000000000000000000000000000000000000000000
0000000000000000000000000000000000000000000000000000000000000000000000000000000000000000000000000000
0000000000000000000000000000000000000000000000000000000000000000000000000000000000000000000000000000
0000000000000000000000000000000000000000000000000000000000000000000000000000000000000000000000000000
0000000000000000000031212134415232432342323234231341214535223411112142543142111100000000000000000000
0000000000000000000041312211114113143233214233122313312433252312313321411433311100000000000000000000
0000000000000000000024323212243311313231213132114131433412244313312111213411331200000000000000000000
0000000000000000000021142131112224311333114342511214244311141413221331212141213100000000000000000000
0000000000000000000014134342111335344121253111312112133511443141331112131133133400000000000000000000
0000000000000000000031231321333331123231413122121332125112311113414225231333423100000000000000000000
0000000000000000000031343113343112232341321141133123243312433142113432212243333300000000000000000000
0000000000000000000033252111231341143131432412212334121344111241213324244334311300000000000000000000
0000000000000000000011421142333322123434243123221313331223331312414131333241113100000000000000000000
0000000000000000000041413244313134323142231345423111411214121113112331141141231400000000000000000000
0000000000000000000014133111322433133323111121142114122321411344431423433313332200000000000000000000
0000000000000000000011314214422211251341111423134314233344112111123443412343131200000000000000000000
0000000000000000000053422313433322331441114112412321111132141433521111211321113300000000000000000000
0000000000000000000041441211123231422214122314312141333321421413131423411222321100000000000000000000
0000000000000000000044233413134113332134314111122341312412113111132111131111114100000000000000000000
0000000000000000000042242224111213241342232323431114111314121423152341121232114300000000000000000000
0000000000000000000031111321133121214331221323423313411131213214131212412142333100000000000000000000
0000000000000000000022413323432132133323122111323311414441434414243113313232444400000000000000000000
0000000000000000000014114514423221312124214314334233113333321211321343212132322400000000000000000000
0000000000000000000014311211311413424311331342141211412423142124333114533322231300000000000000000000
0000000000000000000032124411212132124141314441224412234114111334322221213131143200000000000000000000
0000000000000000000031134334131414414111551114434142444144411411331532142441424300000000000000000000
0000000000000000000033411243311233142344423334111114233431111213314122135232134300000000000000000000
0000000000000000000051113332123451412243441121154111511141441111343221332412114400000000000000000000
0000000000000000000013234311452224422223314141142424323341321314112222112131424100000000000000000000
0000000000000000000021214211143331243412123441423231133141315223342323312223431400000000000000000000
0000000000000000000033244131332132313141223314353213411124332111321144142111212100000000000000000000
0000000000000000000031121234331434334412334142133331331241222113142413323322141100000000000000000000
0000000000000000000021311231311421321141423111131433233413114111214111445121114300000000000000000000
0000000000000000000011143213112121111432313141432111431111143114235112442413423100000000000000000000
0000000000000000000051342134413213311332131141421222233433211341323214143334421400000000000000000000
0000000000000000000012111321342441314251241112342111332231434521311111311431232300000000000000000000
0000000000000000000031413412234233134312412134131412141342231214233113112133131100000000000000000000
0000000000000000000023422313214314212134131221532411114314312212312411141431413200000000000000000000
0000000000000000000021433422343211141211133123131434112531212112223211211132424300000000000000000000
0000000000000000000021424131311152234132131131133142121114121112111311234214311100000000000000000000
0000000000000000000021133342433344123451333243433344313131331324334115433234143100000000000000000000
0000000000000000000041343424321113344114441241231312114342341123111211434142113200000000000000000000
0000000000000000000034312131313222141132323242111111433312222143232211334433134200000000000000000000
0000000000000000000014411124341121321314413111442132423333323131111441121111141400000000000000000000
0000000000000000000012321142121431421413131113113343253413442341224431413314431300000000000000000000
0000000000000000000033111341211443141334213141421432444141224211144134322334113100000000000000000000
0000000000000000000042233414141343413114133344113322234332111141331411522121441500000000000000000000
0000000000000000000043134441211231231214433411343431313322141143111144121424152100000000000000000000
0000000000000000000031231132112214214233124351122441411241212114121223414233131400000000000000000000
0000000000000000000014313114113133211143221234112344445321134314434433321343512300000000000000000000
0000000000000000000014221412231113522432241331434313242121221212344221324331113100000000000000000000
0000000000000000000042111113311322141142141111231111312252313131133434311421114100000000000000000000
0000000000000000000013332221243251141333333433241111432114143111113113223214344200000000000000000000
0000000000000000000021211411422214212314131222313343211113411131331313233113123100000000000000000000
0000000000000000000011142445113342134213243423243324214321143132441331241454324200000000000000000000
0000000000000000000041211414534211223424443354322431133432141411123124113411131200000000000000000000
0000000000000000000011433133314432124143332112313131411213243332134233142343133200000000000000000000
0000000000000000000021111421113344421413243231142311414332312324113413213153143300000000000000000000
0000000000000000000012411111141315332231123323133322211143224441132111134332311200000000000000000000
0000000000000000000032323214411234343124343214441241232111453152331121322221342400000000000000000000
0000000000000000000044253123235323211113125113314114341131243134341121422342342400000000000000000000
0000000000000000000023321141431331414332113133112331233212141131113144113143322100000000000000000000
0000000000000000000031123413124321134342123121232133441311421443142423212241221100000000000000000000
0000000000000000000012244113331524143242111412431311122321124541442114511332213200000000000000000000
0000000000000000000000000000000000000000000000000000000000000000000000000000000000000000000000000000
0000000000000000000000000000000000000000000000000000000000000000000000000000000000000000000000000000
0000000000000000000000000000000000000000000000000000000000000000000000000000000000000000000000000000
0000000000000000000000000000000000000000000000000000000000000000000000000000000000000000000000000000
0000000000000000000000000000000000000000000000000000000000000000000000000000000000000000000000000000
0000000000000000000000000000000000000000000000000000000000000000000000000000000000000000000000000000
0000000000000000000000000000000000000000000000000000000000000000000000000000000000000000000000000000
0000000000000000000000000000000000000000000000000000000000000000000000000000000000000000000000000000
0000000000000000000000000000000000000000000000000000000000000000000000000000000000000000000000000000
0000000000000000000000000000000000000000000000000000000000000000000000000000000000000000000000000000
0000000000000000000000000000000000000000000000000000000000000000000000000000000000000000000000000000
0000000000000000000000000000000000000000000000000000000000000000000000000000000000000000000000000000
0000000000000000000000000000000000000000000000000000000000000000000000000000000000000000000000000000
0000000000000000000000000000000000000000000000000000000000000000000000000000000000000000000000000000
0000000000000000000000000000000000000000000000000000000000000000000000000000000000000000000000000000
0000000000000000000000000000000000000000000000000000000000000000000000000000000000000000000000000000
0000000000000000000000000000000000000000000000000000000000000000000000000000000000000000000000000000
0000000000000000000000000000000000000000000000000000000000000000000000000000000000000000000000000000
0000000000000000000000000000000000000000000000000000000000000000000000000000000000000000000000000000
0000000000000000000000000000000000000000000000000000000000000000000000000000000000000000000000000000
