0000000000000000000000000000000000000000000000000000000000000000000000000000000000000000000000000000
0000000000000000000000000000000000000000000000000000000000000000000000000000000000000000000000000000
0000000000000000000000000000000000000000000000000000000000000000000000000000000000000000000000000000
0000000000000000000000000000000000000000000000000000000000000000000000000000000000000000000000000000
0000000000000000000000000000000000000000000000000000000000000000000000000000000000000000000000000000
0000000000000000000000000000000000000000000000000000000000000000000000000000000000000000000000000000
0000000000000000000000000000000000000000000000000000000000000000000000000000000000000000000000000000
0000000000000000000000000000000000000000000000000000000000000000000000000000000000000000000000000000
0000000000000000000000000000000000000000000000000000000000000000000000000000000000000000000000000000
0000000000000000000000000000000000000000000000000000000000000000000000000000000000000000000000000000
0000000000000000000000000000000000000000000000000000000000000000000000000000000000000000000000000000
0000000000000000000000000000000000000000000000000000000000000000000000000000000000000000000000000000
0000000000000000000000000000000000000000000000000000000000000000000000000000000000000000000000000000
0000000000000000000000000000000000000000000000000000000000000000000000000000000000000000000000000000
0000000000000000000000000000000000000000000000000000000000000000000000000000000000000000000000000000
0000000000000000000000000000000000000000000000000000000000000000000000000000000000000000000000000000
0000000000000000000000000000000000000000000000000000000000000000000000000000000000000000000000000000
0000000000000000000000000000000000000000000000000000000000000000000000000000000000000000000000000000
0000000000000000000000000000000000000000000000000000000000000000000000000000000000000000000000000000
0000000000000000000000000000000000000000000000000000000000000000000000000000000000000000000000000000
0000000000000000000001000011100101301011301113130110301110111310011133030133310100000000000000000000
0000000000000000000010111100103013011111113131133103131133131101010330332331101100000000000000000000
0000000000000000000011010011130110000131101311103011230313333131113301113300113300000000000000000000
0000000000000000000000011110001111010011003013310133313103120211221032313342331100000000000000000000
0000000000000000000001001030010110133110331313003201001111231123310011112233131300000000000000000000
0000000000000000000001101110100110311110301031031131113333210131302331310232333100000000000000000000
0000000000000000000000111101031013011210011030313111123132311032021213301321411300000000000000000000
0000000000000000000010100000100130111331103301103132011133103330404212323214213100000000000000000000
0000000000000000000000110131101311131313120013130303333110320203202112231321141000000000000000000000
0000000000000000000013101131013001131131230131311021330112311101013241113130331200000000000000000000
0000000000000000000001010030311111111113003031132113012010420123210211311303103100000000000000000000
0000000000000000000010101103111110313013000311113312211323103001112231423020241300000000000000000000
0000000000000000000001131111311111011130003113203312101012040413231322200310314100000000000000000000
0000000000000000000030110330110300311101013102111021011230330231341213411433140300000000000000000000
0000000000000000000011011301102303301032331111333121211212102130132100021121143200000000000000000000
0000000000000000000011131011100033130131111221321103001132111233132320221212132300000000000000000000
0000000000000000000010030010111311203111131031331131411001133213212213403143333000000000000000000000
0000000000000000000001311133303103030111111310430212413432322232233023431441224400000000000000000000
0000000000000000000003011113131310331213213334302311114011330120120241413013242200000000000000000000
0000000000000000000001010310111301233130211331030431221233031232202034133321421100000000000000000000
0000000000000000000001113313311001111030312221212303222142111424143431422334241200000000000000000000
0000000000000000000010033131110332312011110103412023223024323400113313143240224400000000000000000000
0000000000000000000011310330101331113233433113220233211413114212104143332344132100000000000000000000
0000000000000000000010111133013311231133321323212032114033421141131243323431334400000000000000000000
0000000000000000000010133110201312211111203420023433242331140344314443343214232000000000000000000000
0000000000000000000031103300333123131312020431232231313240302442144133202243220400000000000000000000
0000000000000000000000131030231012312031131112122104232132134031133234042322204300000000000000000000
0000000000000000000011330133110213112312023143021221323420232111043234424444041200000000000000000000
0000000000000000000010103301131313120020430210211413332213414114332432243140214200000000000000000000
0000000000000000000000033010002310040211003441334012323033143004321222443404424100000000000000000000
0000000000000000000000011103101111211123014121232322330344414323223424344044421400000000000000000000
0000000000000000000001021123331223134230343233241234313432334343301234240421223400000000000000000000
0000000000000000000012111302131230333202122143311233024443441424422312202434111100000000000000000000
0000000000000000000013313021102302133032021220334420212312404312414404041442404400000000000000000000
0000000000000000000030113333223131120200313011340212134311332004241240441223424400000000000000000000
0000000000000000000030111333230323212321120112313044241404430242331304344234334100000000000000000000
0000000000000000000001001131111332012321231321421122431013240124324021431434333400000000000000000000
0000000000000000000031031333110121233214341133213124104143341144020210414042442300000000000000000000
0000000000000000000011113111201213222123132322033141444434342341304433134443234200000000000000000000
0000000000000000000013300312113123323332321420424434333324423224000241241423441400000000000000000000
0000000000000000000013333023320333231213310203343340233402242440444213403204414200000000000000000000
0000000000000000000030030131201232133433413142411413422042442404144214244244144400000000000000000000
0000000000000000000021303212021221433314330134113123242124002022431431243221441400000000000000000000
0000000000000000000021013220311113231324203431140432334244140443413044342424134100000000000000000000
0000000000000000000030330103402314212222022221222420412422402132124444244233231400000000000000000000
0000000000000000000002302012111232113230411414014344424424044432444434242442414400000000000000000000
0000000000000000000013130201110301233412124140322400244120221414344340424234141000000000000000000000
0000000000000000000023103131113132013141241404431222332402442132333414224441314400000000000000000000
0000000000000000000003001333221330220212111443224113434014341321332441424214442300000000000000000000
0000000000000000000030101311243133302214100233342143440113421014420122434002443100000000000000000000
0000000000000000000001321332012044122231241433342424304442244134441144440444434400000000000000000000
0000000000000000000020111204313300321412442224213444041442341431432324012414324400000000000000000000
0000000000000000000012330033102413034143333103133030441214343242424444144444442200000000000000000000
0000000000000000000033111332103134231404321411343102414142134144241421432244042400000000000000000000
0000000000000000000031211312120301212333114213044044442222444441214104342342422400000000000000000000
0000000000000000000013111311403413123022141244440441414403424422121141444244244400000000000000000000
0000000000000000000032331123114431213223322234204432240343444144240441434444244400000000000000000000
0000000000000000000020111020320111432322214341033441212432021244414244444444244200000000000000000000
0000000000000000000011131202114130022422244120441224443300413443144443204243442400000000000000000000
0000000000000000000033223032241242221341242403232114444434124440444234214434324400000000000000000000
0000000000000000000000000000000000000000000000000000000000000000000000000000000000000000000000000000
0000000000000000000000000000000000000000000000000000000000000000000000000000000000000000000000000000
0000000000000000000000000000000000000000000000000000000000000000000000000000000000000000000000000000
0000000000000000000000000000000000000000000000000000000000000000000000000000000000000000000000000000
0000000000000000000000000000000000000000000000000000000000000000000000000000000000000000000000000000
0000000000000000000000000000000000000000000000000000000000000000000000000000000000000000000000000000
0000000000000000000000000000000000000000000000000000000000000000000000000000000000000000000000000000
0000000000000000000000000000000000000000000000000000000000000000000000000000000000000000000000000000
0000000000000000000000000000000000000000000000000000000000000000000000000000000000000000000000000000
0000000000000000000000000000000000000000000000000000000000000000000000000000000000000000000000000000
0000000000000000000000000000000000000000000000000000000000000000000000000000000000000000000000000000
0000000000000000000000000000000000000000000000000000000000000000000000000000000000000000000000000000
0000000000000000000000000000000000000000000000000000000000000000000000000000000000000000000000000000
0000000000000000000000000000000000000000000000000000000000000000000000000000000000000000000000000000
0000000000000000000000000000000000000000000000000000000000000000000000000000000000000000000000000000
0000000000000000000000000000000000000000000000000000000000000000000000000000000000000000000000000000
0000000000000000000000000000000000000000000000000000000000000000000000000000000000000000000000000000
0000000000000000000000000000000000000000000000000000000000000000000000000000000000000000000000000000
0000000000000000000000000000000000000000000000000000000000000000000000000000000000000000000000000000
0000000000000000000000000000000000000000000000000000000000000000000000000000000000000000000000000000
